0.036,0.000,0.000,0.400,0.130,0.097,0.177,0.222,0.176,0
0.222,0.000,0.000,0.000,0.045,0.052,0.105,0.171,0.194,0
0.179,0.000,0.000,0.000,0.045,0.053,0.105,0.171,0.176,0
0.135,0.000,0.000,0.000,0.089,0.052,0.105,0.171,0.212,0
0.000,0.000,0.000,0.000,0.044,0.043,0.200,0.171,0.121,0
0.486,0.000,0.000,0.000,0.087,0.034,0.054,0.118,0.042,0
0.122,0.000,0.308,0.154,0.400,0.072,0.667,0.746,0.735,0
0.122,0.000,0.000,0.400,0.130,0.065,0.105,0.270,0.082,0
0.179,0.000,0.000,0.000,0.089,0.044,0.154,0.000,0.102,0
0.222,0.000,0.667,0.167,0.269,0.117,0.515,0.667,0.437,0
0.135,0.000,0.000,0.400,0.167,0.060,0.177,0.270,0.278,0
0.214,0.000,0.000,0.000,0.045,0.000,0.027,0.000,0.000,0
0.222,0.000,0.500,0.250,0.291,0.107,0.400,0.638,0.192,0
0.214,0.000,0.667,0.250,0.291,0.107,0.382,0.638,0.194,0
0.179,0.000,0.667,0.250,0.357,0.111,0.435,0.694,0.294,0
0.154,0.000,0.667,0.250,0.327,0.138,0.418,0.667,0.294,0
0.135,0.000,0.667,0.250,0.291,0.105,0.382,0.638,0.245,0
0.000,0.000,0.000,0.000,0.045,0.012,0.027,0.000,0.000,0
0.000,0.000,0.667,0.000,0.235,0.030,0.264,0.426,0.158,0
0.000,0.000,0.000,0.000,0.045,0.012,0.027,0.000,0.000,0
0.000,0.000,0.000,0.000,0.045,0.000,0.027,0.000,0.000,0
0.222,0.000,0.000,0.000,0.045,0.000,0.027,0.000,0.000,0
0.000,0.000,0.800,0.182,0.208,0.246,0.306,0.545,0.278,0
0.195,0.000,0.571,0.000,0.208,0.081,0.306,0.604,0.158,0
0.091,0.000,0.571,0.000,0.245,0.106,0.345,0.655,0.229,0
0.179,0.000,1.000,0.125,0.522,0.124,0.806,0.714,0.652,0
0.036,0.000,0.000,0.400,0.045,0.096,0.154,0.118,0.158,0
0.039,0.000,0.000,0.000,0.000,0.023,0.027,0.061,0.000,0
0.075,0.000,0.000,0.000,0.045,0.000,0.027,0.061,0.021,0
0.140,0.000,0.667,0.200,0.196,0.100,0.387,0.774,0.383,0
0.024,1.000,0.000,0.000,0.500,0.000,0.727,0.857,0.842,0
0.029,1.000,0.000,0.000,0.500,0.000,0.727,0.857,0.889,0
0.022,0.000,0.000,0.000,0.400,0.000,0.727,0.857,0.800,0
0.000,1.000,0.000,0.000,0.400,0.207,0.933,0.571,0.800,0
0.053,0.000,0.000,0.000,0.333,0.200,0.444,0.667,0.364,0
0.200,1.000,0.000,0.200,0.267,0.016,0.326,0.205,0.286,0
0.200,1.000,0.000,1.000,0.667,0.074,0.727,0.889,0.615,0
0.029,1.000,0.000,0.000,0.800,0.000,0.769,0.000,0.714,0
0.024,1.000,0.000,0.222,0.500,0.122,0.389,0.250,0.514,0
0.022,0.000,0.000,1.000,0.500,0.000,0.714,0.889,0.750,0
0.035,0.000,0.000,0.000,0.000,0.000,0.250,0.000,0.000,0
0.043,0.000,0.000,0.400,0.133,0.083,0.560,0.421,0.700,0
0.035,0.000,0.000,0.400,0.133,0.082,0.583,0.421,0.842,0
0.029,0.000,0.000,0.400,0.125,0.068,0.519,0.381,0.720,0
0.025,0.000,0.000,0.400,0.267,0.067,0.538,0.400,0.720,0
0.022,0.000,0.000,0.400,0.133,0.077,0.583,0.421,0.818,0
0.000,0.000,0.000,0.000,0.000,0.000,0.250,0.000,0.000,0
0.000,0.000,0.000,0.000,0.364,0.182,0.538,0.421,0.824,0
0.000,0.000,0.000,0.000,0.000,0.000,0.250,0.000,0.000,0
0.000,0.000,0.000,0.000,0.000,0.000,0.250,0.000,0.000,0
0.043,0.000,0.000,0.000,0.000,0.000,0.250,0.000,0.000,0
0.000,1.000,0.000,0.250,0.250,0.087,0.700,0.500,0.750,0
0.095,0.000,0.000,0.000,0.250,0.200,0.700,0.320,0.706,0
0.089,0.000,0.000,0.000,0.222,0.160,0.636,0.267,0.571,0
0.029,1.000,0.000,0.154,0.207,0.024,0.219,0.143,0.333,0
1.000,1.000,0.000,1.000,0.500,0.839,0.923,0.667,0.941,0
0.385,1.000,0.000,0.000,0.000,0.000,0.250,0.400,0.000,0
0.148,1.000,0.000,0.000,0.500,0.000,0.250,0.400,0.200,0
0.182,0.000,0.000,0.286,0.545,0.048,0.500,0.235,0.516,0
0.830,1.000,0.000,0.000,1.000,0.947,1.000,1.000,0.947,0
0.776,0.000,0.000,0.000,0.667,0.950,1.000,1.000,0.952,0
0.000,1.000,0.000,0.000,0.000,0.000,0.667,0.667,0.625,0
0.125,0.000,0.000,0.000,0.000,0.000,0.667,0.800,0.333,0
0.053,1.000,0.000,0.000,0.154,0.016,0.200,0.158,0.313,0
0.053,1.000,0.000,0.000,0.500,0.000,1.000,0.750,0.571,0
0.830,1.000,0.000,0.000,0.667,0.400,0.800,0.000,0.667,0
1.000,1.000,0.000,0.000,0.200,0.227,0.242,0.194,0.556,0
0.776,0.000,0.000,0.000,0.333,0.292,0.727,0.750,0.800,0
0.675,0.000,0.000,0.000,0.000,0.000,0.400,0.000,0.000,0
0.472,0.000,0.000,0.000,0.000,0.148,0.364,0.333,0.571,0
0.675,0.000,0.000,0.000,0.000,0.182,0.381,0.333,0.700,0
0.830,0.000,0.000,0.000,0.000,0.215,0.333,0.300,0.769,0
0.876,0.000,0.000,0.000,0.154,0.242,0.348,0.316,0.769,0
0.776,0.000,0.000,0.000,0.000,0.241,0.381,0.333,0.870,0
0.000,0.000,0.000,0.000,0.000,0.000,0.400,0.000,0.000,0
0.000,0.000,0.000,0.000,0.222,0.000,0.348,0.333,0.889,0
0.000,0.000,0.000,0.000,0.000,0.000,0.400,0.000,0.000,0
0.000,0.000,0.000,0.000,0.000,0.000,0.400,0.000,0.000,0
0.472,0.000,0.000,0.000,0.000,0.000,0.400,0.000,0.000,0
0.000,1.000,0.000,0.000,0.000,0.115,0.471,0.400,0.800,0
0.118,0.000,0.000,0.000,0.000,0.130,0.471,0.250,0.556,0
0.169,0.000,0.000,0.000,0.000,0.107,0.421,0.207,0.455,0
0.830,1.000,0.000,0.000,0.074,0.058,0.131,0.109,0.364,0
0.024,1.000,0.000,0.000,0.000,0.000,0.800,0.800,0.889,0
0.026,1.000,0.000,0.000,0.000,0.000,0.400,0.500,0.000,0
0.025,1.000,0.000,0.000,0.000,0.000,0.400,0.500,0.182,0
0.057,0.000,0.000,0.000,0.222,0.022,0.320,0.182,0.438,0
0.765,0.000,0.000,0.000,0.667,0.947,1.000,1.000,0.900,0
0.000,1.000,0.000,0.000,0.000,0.000,0.667,0.667,0.667,0
0.040,0.000,0.000,0.000,0.000,0.000,0.667,0.800,0.364,0
0.000,1.000,0.000,0.000,0.154,0.016,0.200,0.158,0.286,0
0.000,1.000,0.000,0.000,0.500,0.000,1.000,0.750,0.615,0
1.000,1.000,0.000,0.000,0.667,0.429,0.800,0.000,0.714,0
0.830,1.000,0.000,0.000,0.200,0.209,0.242,0.194,0.514,0
0.765,0.000,0.000,0.000,0.333,0.261,0.727,0.750,0.750,0
0.812,0.000,0.000,0.000,0.000,0.000,0.400,0.000,0.000,0
0.586,0.000,0.000,0.000,0.000,0.154,0.364,0.333,0.600,0
0.812,0.000,0.000,0.000,0.000,0.189,0.381,0.333,0.737,0
1.000,0.000,0.000,0.000,0.000,0.222,0.333,0.300,0.720,0
0.857,0.000,0.000,0.000,0.154,0.219,0.348,0.316,0.720,0
0.765,0.000,0.000,0.000,0.000,0.214,0.381,0.333,0.818,0
0.000,0.000,0.000,0.000,0.000,0.000,0.400,0.000,0.000,0
0.000,0.000,0.000,0.000,0.222,0.000,0.348,0.333,0.941,0
0.000,0.000,0.000,0.000,0.000,0.000,0.400,0.000,0.000,0
0.000,0.000,0.000,0.000,0.000,0.000,0.400,0.000,0.000,0
0.586,0.000,0.000,0.000,0.000,0.000,0.400,0.000,0.000,0
0.000,1.000,0.000,0.000,0.000,0.120,0.471,0.400,0.750,0
0.037,0.000,0.000,0.000,0.000,0.136,0.471,0.250,0.588,0
0.211,0.000,0.000,0.000,0.000,0.111,0.421,0.207,0.476,0
1.000,1.000,0.000,0.000,0.074,0.059,0.131,0.109,0.333,0
0.029,1.000,0.000,0.000,0.000,0.000,0.800,0.800,0.941,0
0.000,1.000,0.000,0.000,0.000,0.000,0.400,0.500,0.000,0
0.000,1.000,0.000,0.000,0.000,0.000,0.400,0.500,0.200,0
0.000,0.000,0.000,0.000,0.222,0.023,0.320,0.182,0.452,0
0.000,0.000,0.000,0.000,0.000,0.000,0.667,0.667,0.588,0
0.028,0.000,0.000,0.000,0.400,0.000,0.667,0.800,0.308,0
0.000,0.000,0.000,0.000,0.286,0.016,0.200,0.158,0.338,0
0.000,0.000,0.000,0.000,0.800,0.000,1.000,0.750,0.533,0
0.765,0.000,0.000,0.000,0.500,0.400,0.800,0.000,0.625,0
0.776,0.000,0.000,0.000,0.182,0.227,0.242,0.194,0.595,0
1.000,1.000,0.000,0.000,0.571,0.333,0.727,0.750,0.846,0
0.615,1.000,0.000,0.000,0.667,0.000,0.400,0.000,0.000,0
0.425,1.000,0.000,0.000,0.143,0.148,0.364,0.333,0.545,0
0.615,1.000,0.000,0.000,0.143,0.182,0.381,0.333,0.667,0
0.765,1.000,0.000,0.000,0.133,0.215,0.333,0.300,0.815,0
0.885,1.000,0.000,0.000,0.286,0.242,0.348,0.316,0.815,0
1.000,1.000,0.000,0.000,0.143,0.276,0.381,0.333,0.833,0
0.000,0.000,0.000,0.000,0.667,0.000,0.400,0.000,0.000,0
0.000,0.000,0.000,0.000,0.400,0.000,0.348,0.333,0.842,0
0.000,0.000,0.000,0.000,0.667,0.000,0.400,0.000,0.000,0
0.000,0.000,0.000,0.000,0.667,0.000,0.400,0.000,0.000,0
0.425,0.000,0.000,0.000,0.667,0.000,0.400,0.000,0.000,0
0.000,0.000,0.000,0.000,0.286,0.115,0.471,0.400,0.769,0
0.026,0.000,0.000,0.000,0.286,0.130,0.471,0.250,0.526,0
0.152,0.000,0.000,0.000,0.250,0.107,0.421,0.207,0.435,0
0.765,0.000,0.000,0.000,0.143,0.058,0.131,0.109,0.357,0
0.022,0.000,0.000,0.000,0.000,0.000,0.800,0.800,0.842,0
0.000,0.000,0.000,0.000,0.000,0.000,0.400,0.500,0.000,0
0.000,0.000,0.000,0.000,0.000,0.000,0.400,0.500,0.167,0
0.000,0.000,0.000,0.000,0.400,0.022,0.320,0.182,0.424,0
0.000,0.000,0.000,0.000,0.400,0.190,0.400,0.800,0.500,0
0.000,1.000,0.000,0.000,0.143,0.000,0.364,0.158,0.200,0
0.000,1.000,0.000,0.000,0.400,0.000,0.667,0.500,0.600,0
0.000,1.000,0.000,0.000,0.500,0.000,0.857,0.000,0.364,0
0.000,1.000,0.000,0.000,0.182,0.048,0.432,0.194,0.375,0
0.000,0.000,0.000,0.000,0.286,0.000,0.800,0.750,0.571,0
0.000,0.000,0.000,0.000,0.000,0.000,0.222,0.000,0.000,0
0.000,0.000,0.000,0.000,0.143,0.082,0.615,0.222,0.706,0
0.000,0.000,0.000,0.000,0.143,0.080,0.640,0.222,0.750,0
0.000,0.000,0.000,0.000,0.133,0.067,0.571,0.200,0.545,0
0.000,0.000,0.000,0.000,0.143,0.066,0.593,0.211,0.545,0
0.000,0.000,0.000,0.000,0.143,0.075,0.640,0.222,0.632,0
1.000,0.000,0.000,0.000,0.000,0.000,0.222,0.000,0.000,0
1.000,0.000,0.000,0.000,0.200,0.044,0.593,0.222,0.571,0
1.000,0.000,0.000,0.000,0.000,0.000,0.222,0.000,0.000,0
1.000,0.000,0.000,0.000,0.000,0.000,0.222,0.000,0.000,0
0.000,0.000,0.000,0.000,0.000,0.000,0.222,0.000,0.000,0
1.000,1.000,0.000,0.000,0.286,0.085,0.762,0.400,0.571,0
0.000,0.000,0.000,0.000,0.286,0.049,0.762,0.250,0.857,0
0.000,0.000,0.000,0.000,0.250,0.039,0.696,0.207,0.667,0
0.000,1.000,0.000,0.000,0.071,0.025,0.246,0.109,0.235,0
0.000,1.000,0.000,0.000,0.667,0.188,0.857,0.800,0.714,0
0.000,1.000,0.000,0.000,0.000,0.000,0.222,0.500,0.000,0
0.074,1.000,0.000,0.000,0.000,0.000,0.222,0.500,0.286,0
0.000,0.000,0.000,0.000,0.200,0.048,0.552,0.182,0.429,0
0.125,0.000,0.000,0.000,0.267,0.000,0.105,0.108,0.071,0
0.125,0.000,0.000,0.000,0.667,0.000,0.667,0.571,0.667,0
0.040,0.000,0.000,0.000,0.400,0.000,0.500,0.000,0.571,0
0.125,0.000,0.000,0.000,0.167,0.054,0.129,0.133,0.143,0
0.028,0.000,0.000,0.000,0.750,0.000,0.444,0.571,0.235,0
0.051,0.000,0.000,0.000,0.500,0.000,0.667,0.000,0.000,0
0.071,0.000,0.000,0.000,0.400,0.050,0.200,0.235,0.308,0
0.051,0.000,0.000,0.000,0.400,0.049,0.211,0.235,0.333,0
0.040,0.000,0.000,0.000,0.375,0.039,0.182,0.211,0.222,0
0.033,0.000,0.000,0.000,0.400,0.038,0.190,0.222,0.222,0
0.028,0.000,0.000,0.000,0.400,0.045,0.211,0.235,0.267,0
0.000,0.000,0.000,0.000,0.500,0.000,0.667,0.000,0.000,0
0.000,0.000,0.000,0.000,0.545,0.056,0.190,0.235,0.400,0
0.000,0.000,0.000,0.000,0.500,0.000,0.667,0.000,0.000,0
0.000,0.000,0.000,0.000,0.500,0.000,0.667,0.000,0.000,0
0.071,0.000,0.000,0.000,0.500,0.000,0.667,0.000,0.000,0
0.000,0.000,0.000,0.000,0.500,0.105,0.267,0.286,0.235,0
0.333,1.000,0.000,0.000,0.500,0.125,0.267,0.174,0.400,0
0.000,1.000,0.000,0.000,0.444,0.095,0.235,0.143,0.286,0
0.040,0.000,0.000,0.000,0.207,0.013,0.068,0.074,0.085,0
0.053,0.000,0.000,0.000,0.500,0.174,0.500,1.000,0.400,0
0.059,0.000,0.000,0.000,0.000,0.000,0.667,0.667,0.000,0
0.056,0.000,0.000,0.000,0.000,0.000,0.667,0.667,0.667,0
0.154,0.000,0.000,0.000,0.545,0.027,0.174,0.125,0.167,0
1.000,1.000,0.000,0.200,0.400,0.100,0.200,0.250,0.138,0
0.000,1.000,0.000,0.000,0.286,0.017,0.286,0.000,0.169,0
0.053,1.000,0.167,0.824,0.667,0.034,0.677,0.571,0.650,0
0.000,0.000,0.000,0.200,0.471,0.118,0.326,0.250,0.435,0
0.000,0.000,0.000,0.000,0.154,0.000,0.054,0.000,0.000,0
0.000,0.000,0.235,0.615,0.500,0.044,0.667,0.520,0.277,0
0.000,0.000,0.267,0.615,0.500,0.044,0.642,0.520,0.313,0
0.000,0.000,0.267,0.615,0.480,0.041,0.679,0.577,0.457,0
0.000,0.000,0.267,0.615,0.583,0.081,0.691,0.549,0.457,0
0.000,0.000,0.267,0.615,0.500,0.043,0.642,0.520,0.388,0
0.000,0.000,0.000,0.000,0.154,0.018,0.054,0.000,0.000,0
0.000,0.000,0.267,0.333,0.500,0.014,0.436,0.440,0.258,0
0.000,0.000,0.000,0.000,0.154,0.000,0.054,0.000,0.000,0
0.000,0.000,0.000,0.000,0.154,0.000,0.054,0.000,0.000,0
0.000,0.000,0.000,0.000,0.154,0.000,0.054,0.000,0.000,0
0.000,1.000,0.286,0.750,0.588,0.086,0.531,0.426,0.435,0
0.167,0.000,0.250,0.200,0.588,0.015,0.490,0.357,0.258,0
0.051,0.000,0.250,0.200,0.556,0.014,0.510,0.426,0.364,0
0.000,1.000,0.308,0.762,0.579,0.024,0.774,0.713,0.848,0
0.200,1.000,0.000,0.200,0.154,0.016,0.286,0.108,0.258,0
0.261,1.000,0.000,0.000,0.000,0.000,0.054,0.056,0.000,0
0.125,1.000,0.000,0.000,0.000,0.000,0.054,0.056,0.036,0
0.789,0.000,0.267,0.800,0.400,0.114,0.632,0.615,0.579,0
0.000,1.000,0.000,0.000,0.800,0.000,0.800,0.000,0.667,0
0.053,1.000,0.000,0.222,0.333,0.050,0.242,0.303,0.267,0
0.000,0.000,0.000,1.000,0.750,0.150,0.727,0.800,0.421,0
0.000,0.000,0.000,0.000,0.500,0.000,0.400,0.000,0.000,0
0.000,0.000,0.000,0.400,0.267,0.000,0.364,0.500,0.533,0
0.000,0.000,0.000,0.400,0.267,0.000,0.381,0.500,0.571,0
0.000,0.000,0.000,0.400,0.250,0.000,0.333,0.455,0.400,0
0.000,0.000,0.000,0.400,0.400,0.038,0.348,0.476,0.400,0
0.000,0.000,0.000,0.400,0.267,0.000,0.381,0.500,0.471,0
0.000,0.000,0.000,0.000,0.500,0.000,0.400,0.000,0.000,0
0.000,0.000,0.000,0.000,0.545,0.048,0.348,0.500,0.667,0
0.000,0.000,0.000,0.000,0.500,0.000,0.400,0.000,0.000,0
0.000,0.000,0.000,0.000,0.500,0.000,0.400,0.000,0.000,0
0.000,0.000,0.000,0.000,0.500,0.000,0.400,0.000,0.000,0
0.000,1.000,0.000,0.250,0.500,0.000,0.471,0.588,0.421,0
0.167,0.000,0.000,0.000,0.500,0.000,0.471,0.385,0.500,0
0.051,0.000,0.000,0.000,0.444,0.000,0.421,0.323,0.375,0
0.000,1.000,0.000,0.154,0.207,0.065,0.131,0.175,0.163,0
0.200,1.000,0.000,1.000,0.500,0.069,0.800,0.571,0.667,0
0.261,1.000,0.000,0.000,0.000,0.000,0.400,0.333,0.000,0
0.125,1.000,0.000,0.000,0.000,0.000,0.400,0.333,0.400,0
0.789,0.000,0.000,0.286,0.545,0.150,0.320,0.286,0.308,0
0.830,1.000,0.000,0.000,0.364,0.256,0.343,0.000,0.323,0
0.765,0.000,0.000,0.000,0.571,0.368,0.923,0.000,0.500,0
0.812,0.000,0.000,0.000,0.000,0.000,0.286,0.000,0.000,0
0.586,0.000,0.000,0.000,0.143,0.211,0.500,0.000,0.375,0
0.812,0.000,0.000,0.000,0.143,0.256,0.522,0.000,0.533,0
1.000,0.000,0.000,0.000,0.133,0.245,0.462,0.000,0.476,0
0.857,0.000,0.000,0.000,0.286,0.240,0.480,0.000,0.476,0
0.765,0.000,0.000,0.000,0.143,0.286,0.522,0.000,0.556,0
0.000,0.000,0.000,0.000,0.000,0.000,0.286,0.000,0.000,0
0.000,0.000,0.000,0.000,0.400,0.000,0.480,0.000,0.769,0
0.000,0.000,0.000,0.000,0.000,0.000,0.286,0.000,0.000,0
0.000,0.000,0.000,0.000,0.000,0.000,0.286,0.000,0.000,0
0.586,0.000,0.000,0.000,0.000,0.000,0.286,0.000,0.000,0
0.000,1.000,0.000,0.000,0.286,0.095,0.632,0.000,0.500,0
0.037,0.000,0.000,0.000,0.286,0.056,0.632,0.000,0.308,0
0.211,0.000,0.000,0.000,0.250,0.043,0.571,0.000,0.235,0
1.000,1.000,0.000,0.000,0.143,0.053,0.190,0.000,0.200,0
0.029,1.000,0.000,0.000,0.667,0.000,0.833,0.000,0.769,0
0.000,1.000,0.000,0.000,0.000,0.000,0.286,0.000,0.000,0
0.000,1.000,0.000,0.000,0.000,0.000,0.286,0.000,0.333,0
0.000,0.000,0.000,0.000,0.400,0.051,0.444,0.000,0.296,0
0.776,0.000,0.000,0.222,0.286,0.188,0.389,0.303,0.732,0
0.675,0.000,0.000,0.000,0.000,0.000,0.067,0.000,0.000,0
0.472,0.000,0.286,0.667,0.381,0.125,0.766,0.651,0.486,0
0.675,0.000,0.400,0.667,0.381,0.144,0.739,0.651,0.556,0
0.830,0.000,0.400,0.667,0.364,0.187,0.816,0.711,0.762,0
0.876,0.000,0.400,0.667,0.476,0.185,0.792,0.682,0.762,0
0.776,0.000,0.400,0.667,0.381,0.180,0.739,0.651,0.667,0
0.000,0.000,0.000,0.000,0.000,0.000,0.067,0.000,0.000,0
0.000,0.000,0.400,0.545,0.588,0.143,0.625,0.605,0.471,0
0.000,0.000,0.000,0.000,0.000,0.000,0.067,0.000,0.000,0
0.000,0.000,0.000,0.000,0.000,0.000,0.067,0.000,0.000,0
0.472,0.000,0.000,0.000,0.000,0.000,0.067,0.000,0.000,0
0.000,1.000,0.500,0.667,0.571,0.100,0.619,0.600,0.732,0
0.118,0.000,0.333,0.222,0.571,0.318,0.619,0.694,0.471,0
0.169,0.000,0.333,0.222,0.533,0.330,0.682,0.741,0.632,0
0.830,1.000,0.667,0.800,0.457,0.309,0.674,0.600,0.676,0
0.024,1.000,0.000,0.222,0.200,0.118,0.343,0.133,0.471,0
0.026,1.000,0.000,0.000,0.000,0.000,0.067,0.069,0.000,0
0.025,1.000,0.000,0.000,0.200,0.000,0.067,0.069,0.074,0
0.057,0.000,0.400,0.714,0.588,0.235,0.840,0.759,0.875,0
0.615,1.000,0.000,0.000,0.333,0.000,0.250,0.000,0.000,0
0.425,1.000,0.000,0.400,0.471,0.143,0.560,0.400,0.692,0
0.615,1.000,0.000,0.400,0.471,0.175,0.583,0.400,0.800,0
0.765,1.000,0.000,0.400,0.444,0.179,0.519,0.364,0.903,0
0.885,1.000,0.000,0.400,0.588,0.441,0.538,0.381,0.903,0
1.000,1.000,0.000,0.400,0.471,0.267,0.583,0.400,0.929,0
0.000,0.000,0.000,0.000,0.333,0.000,0.250,0.000,0.000,0
0.000,0.000,0.000,0.000,0.615,0.000,0.538,0.400,0.696,0
0.000,0.000,0.000,0.000,0.333,0.000,0.250,0.000,0.000,0
0.000,0.000,0.000,0.000,0.333,0.000,0.250,0.000,0.000,0
0.425,0.000,0.000,0.000,0.333,0.000,0.250,0.000,0.000,0
0.000,0.000,0.000,0.250,0.400,0.067,0.700,0.588,0.867,0
0.026,0.000,0.000,0.000,0.400,0.042,0.700,0.385,0.696,0
0.152,0.000,0.000,0.000,0.364,0.035,0.636,0.323,0.593,0
0.765,0.000,0.000,0.154,0.323,0.036,0.219,0.175,0.433,0
0.022,0.000,0.000,1.000,0.333,0.000,0.769,0.571,0.696,0
0.000,0.000,0.000,0.000,0.000,0.000,0.250,0.333,0.000,0
0.000,0.000,0.000,0.000,0.000,0.000,0.250,0.333,0.125,0
0.000,0.000,0.000,0.286,0.615,0.104,0.500,0.286,0.541,0
0.723,1.000,0.000,0.000,0.154,0.000,0.105,0.000,0.000,0
1.000,1.000,0.000,0.000,0.154,0.000,0.111,0.000,0.000,0
0.812,1.000,0.000,0.000,0.143,0.000,0.095,0.000,0.000,0
0.700,1.000,0.000,0.000,0.154,0.000,0.100,0.000,0.000,0
0.615,1.000,0.000,0.000,0.154,0.000,0.111,0.000,0.000,0
0.000,0.000,0.000,0.000,1.000,0.000,1.000,0.000,0.000,0
0.000,0.000,0.000,0.000,0.222,0.000,0.100,0.000,0.000,0
0.000,0.000,0.000,0.000,1.000,0.000,1.000,0.000,0.000,0
0.000,0.000,0.000,0.000,1.000,0.000,1.000,0.000,0.000,0
0.723,0.000,0.000,0.000,1.000,0.000,1.000,0.000,0.000,0
0.000,0.000,0.000,0.000,0.333,0.000,0.143,0.000,0.000,0
0.047,0.000,0.000,0.000,0.333,0.105,0.143,0.000,0.000,0
0.261,0.000,0.000,0.000,0.286,0.071,0.125,0.000,0.000,0
0.812,0.000,0.000,0.000,0.074,0.000,0.034,0.000,0.000,0
0.035,0.000,0.000,0.000,0.000,0.000,0.286,0.000,0.000,0
0.000,0.000,0.000,0.000,0.000,0.000,1.000,0.000,0.000,0
0.000,0.000,0.000,0.000,0.000,0.000,1.000,0.000,0.000,0
0.000,0.000,0.000,0.000,0.222,0.029,0.091,0.000,0.000,0
0.723,1.000,0.800,1.000,1.000,0.947,0.971,1.000,0.857,1
0.586,1.000,0.800,1.000,0.880,0.806,0.947,0.938,0.667,1
0.493,1.000,0.800,1.000,0.917,0.794,0.973,0.968,0.667,1
0.425,1.000,0.800,1.000,1.000,0.900,0.971,1.000,0.750,1
0.000,0.000,0.000,0.000,0.154,0.000,0.105,0.000,0.000,0
0.000,0.000,0.800,0.000,0.500,0.034,0.649,0.667,0.526,0
0.000,0.000,0.000,0.000,0.154,0.000,0.105,0.000,0.000,0
0.000,0.000,0.000,0.000,0.154,0.000,0.105,0.000,0.000,0
1.000,0.000,0.000,0.000,0.154,0.000,0.105,0.000,0.000,0
0.000,0.000,0.667,0.727,0.588,0.200,0.839,0.667,0.692,0
0.063,0.000,0.909,0.000,0.588,0.087,0.774,0.611,0.842,0
0.343,0.000,0.909,0.000,0.667,0.073,0.788,0.683,0.696,0
0.586,0.000,0.500,0.500,0.526,0.048,0.480,0.448,0.321,0
0.043,0.000,0.000,0.400,0.154,0.044,0.500,0.235,0.632,0
0.000,0.000,0.000,0.000,0.000,0.000,0.105,0.125,0.000,0
0.000,0.000,0.000,0.000,0.000,0.000,0.105,0.125,0.167,0
0.000,0.000,0.600,0.600,0.400,0.063,0.923,0.667,0.545,0
0.812,1.000,1.000,1.000,0.880,0.824,0.919,0.938,0.769,1
0.700,1.000,1.000,1.000,0.917,0.812,0.944,0.968,0.769,1
0.615,1.000,1.000,1.000,1.000,0.918,1.000,1.000,0.870,1
0.000,0.000,0.000,0.000,0.154,0.000,0.111,0.000,0.000,0
0.000,0.000,1.000,0.000,0.500,0.034,0.667,0.667,0.667,0
0.000,0.000,0.000,0.000,0.154,0.000,0.111,0.000,0.000,0
0.000,0.000,0.000,0.000,0.154,0.000,0.111,0.000,0.000,0
0.723,0.000,0.000,0.000,0.154,0.000,0.111,0.000,0.000,0
0.000,0.000,0.857,0.727,0.588,0.197,0.867,0.667,0.800,0
0.047,0.000,0.889,0.000,0.588,0.085,0.800,0.611,0.889,0
0.261,0.000,0.889,0.000,0.667,0.071,0.813,0.683,0.727,0
0.812,0.000,0.667,0.500,0.526,0.060,0.459,0.448,0.364,0
0.035,0.000,0.000,0.400,0.154,0.043,0.522,0.235,0.778,0
0.000,0.000,0.000,0.000,0.000,0.000,0.111,0.125,0.000,0
0.000,0.000,0.000,0.000,0.000,0.000,0.111,0.125,0.182,0
0.000,0.000,0.750,0.600,0.400,0.062,0.895,0.667,0.625,0
0.857,1.000,1.000,1.000,0.880,0.759,0.974,0.970,1.000,1
0.765,1.000,1.000,1.000,0.880,0.817,0.919,0.938,0.897,1
0.000,0.000,0.000,0.000,0.143,0.000,0.095,0.000,0.000,0
0.000,0.000,1.000,0.000,0.476,0.029,0.615,0.625,0.667,0
0.000,0.000,0.000,0.000,0.143,0.000,0.095,0.000,0.000,0
0.000,0.000,0.000,0.000,0.143,0.000,0.095,0.000,0.000,0
0.586,0.000,0.000,0.000,0.143,0.000,0.095,0.000,0.000,0
0.000,0.000,0.857,0.727,0.556,0.197,0.788,0.621,0.968,0
0.037,0.000,0.889,0.000,0.556,0.105,0.788,0.579,0.667,0
0.211,0.000,0.889,0.000,0.632,0.091,0.800,0.651,0.714,0
1.000,0.000,0.667,0.500,0.615,0.079,0.519,0.493,0.492,0
0.029,0.000,0.000,0.400,0.143,0.036,0.462,0.211,0.667,0
0.000,0.000,0.000,0.000,0.000,0.000,0.095,0.111,0.000,0
0.000,0.000,0.000,0.000,0.000,0.000,0.095,0.111,0.118,0
0.000,0.000,0.750,0.600,0.381,0.056,0.878,0.723,0.632,0
0.885,1.000,1.000,1.000,0.917,0.833,0.944,0.968,0.897,1
0.000,0.000,0.000,0.000,0.154,0.000,0.100,0.000,0.000,0
0.000,0.000,1.000,0.000,0.600,0.029,0.632,0.645,0.667,0
0.000,0.000,0.000,0.000,0.154,0.000,0.100,0.000,0.000,0
0.000,0.000,0.000,0.000,0.154,0.000,0.100,0.000,0.000,0
0.493,0.000,0.000,0.000,0.154,0.000,0.100,0.000,0.000,0
0.000,0.000,0.857,0.727,0.588,0.194,0.813,0.643,0.968,0
0.031,0.000,0.889,0.000,0.588,0.103,0.750,0.595,0.667,0
0.176,0.000,0.889,0.000,0.667,0.090,0.765,0.667,0.714,0
0.857,0.000,0.667,0.500,0.579,0.078,0.500,0.471,0.492,0
0.025,0.000,0.000,0.400,0.154,0.035,0.480,0.222,0.667,0
0.000,0.000,0.000,0.000,0.000,0.000,0.100,0.118,0.000,0
0.000,0.000,0.000,0.000,0.000,0.000,0.100,0.118,0.118,0
0.000,0.000,0.750,0.600,0.500,0.056,0.900,0.696,0.632,0
0.000,0.000,0.000,0.000,0.154,0.000,0.111,0.000,0.000,0
0.000,0.000,1.000,0.000,0.500,0.032,0.667,0.667,0.762,0
0.000,0.000,0.000,0.000,0.154,0.000,0.111,0.000,0.000,0
0.000,0.000,0.000,0.000,0.154,0.000,0.111,0.000,0.000,0
0.425,0.000,0.000,0.000,0.154,0.000,0.111,0.000,0.000,0
0.000,0.000,0.857,0.727,0.588,0.188,0.867,0.667,0.929,0
0.026,0.000,0.889,0.000,0.588,0.080,0.800,0.611,0.762,0
0.152,0.000,0.889,0.000,0.667,0.068,0.813,0.683,0.640,0
0.765,0.000,0.667,0.500,0.526,0.070,0.459,0.448,0.448,0
0.022,0.000,0.000,0.400,0.154,0.041,0.522,0.235,0.762,0
0.000,0.000,0.000,0.000,0.000,0.000,0.111,0.125,0.000,0
0.000,0.000,0.000,0.000,0.000,0.000,0.111,0.125,0.143,0
0.000,0.000,0.750,0.600,0.400,0.060,0.895,0.667,0.571,0
1.000,0.000,0.000,0.000,0.222,0.000,0.100,0.000,0.000,0
1.000,0.000,0.000,0.000,1.000,0.000,1.000,0.000,0.000,0
1.000,0.000,0.000,0.000,1.000,0.000,1.000,0.000,0.000,0
0.000,0.000,0.000,0.000,1.000,0.000,1.000,0.000,0.000,0
1.000,0.000,0.000,0.000,0.333,0.061,0.143,0.000,0.000,0
0.000,0.000,0.000,0.000,0.333,0.000,0.143,0.000,0.000,0
0.000,0.000,0.000,0.000,0.286,0.000,0.125,0.000,0.000,0
0.000,0.000,0.000,0.000,0.074,0.000,0.034,0.000,0.000,0
0.000,0.000,0.000,0.000,0.000,0.000,0.286,0.000,0.000,0
0.000,0.000,0.000,0.000,0.000,0.000,1.000,0.000,0.000,0
0.074,0.000,0.000,0.000,0.000,0.000,1.000,0.000,0.000,0
0.000,0.000,0.000,0.000,0.222,0.000,0.091,0.000,0.000,0
1.000,0.000,0.000,0.000,0.222,0.000,0.100,0.000,0.000,0
1.000,0.000,0.000,0.000,0.222,0.000,0.100,0.000,0.000,0
0.000,0.000,0.000,0.000,0.222,0.000,0.100,0.000,0.000,0
1.000,0.000,0.857,0.000,0.462,0.032,0.750,0.667,0.696,0
0.000,0.000,0.889,0.500,0.462,0.042,0.688,0.500,0.500,0
0.000,0.000,0.889,0.500,0.429,0.035,0.706,0.488,0.400,0
0.000,0.000,0.667,0.400,0.412,0.142,0.447,0.448,0.302,0
0.000,0.000,0.000,0.000,0.222,0.170,0.480,0.235,0.875,0
0.000,0.000,0.000,0.000,0.000,0.000,0.100,0.125,0.000,0
0.074,0.000,0.000,0.000,0.000,0.000,0.100,0.125,0.222,0
0.000,0.000,0.750,0.444,0.750,0.184,0.750,0.667,0.400,0
1.000,0.000,0.000,0.000,1.000,0.000,1.000,0.000,0.000,0
0.000,0.000,0.000,0.000,1.000,0.000,1.000,0.000,0.000,0
1.000,0.000,0.000,0.000,0.333,0.000,0.143,0.000,0.000,0
0.000,0.000,0.000,0.000,0.333,0.000,0.143,0.000,0.000,0
0.000,0.000,0.000,0.000,0.286,0.000,0.125,0.000,0.000,0
0.000,0.000,0.000,0.000,0.074,0.000,0.034,0.000,0.000,0
0.000,0.000,0.000,0.000,0.000,0.000,0.286,0.000,0.000,0
0.000,0.000,0.000,0.000,0.000,0.667,1.000,0.000,0.000,0
0.074,0.000,0.000,0.000,0.000,0.000,1.000,0.000,0.000,0
0.000,0.000,0.000,0.000,0.222,0.000,0.091,0.000,0.000,0
0.000,0.000,0.000,0.000,1.000,0.000,1.000,0.000,0.000,0
1.000,0.000,0.000,0.000,0.333,0.061,0.143,0.000,0.000,0
0.000,0.000,0.000,0.000,0.333,0.000,0.143,0.000,0.000,0
0.000,0.000,0.000,0.000,0.286,0.000,0.125,0.000,0.000,0
0.000,0.000,0.000,0.000,0.074,0.014,0.034,0.000,0.000,0
0.000,0.000,0.000,0.000,0.000,0.000,0.286,0.000,0.000,0
0.000,0.000,0.000,0.000,0.000,0.000,1.000,0.000,0.000,0
0.074,0.000,0.000,0.000,0.000,0.667,1.000,0.000,0.000,0
0.000,0.000,0.000,0.000,0.222,0.029,0.091,0.000,0.000,0
0.000,0.000,0.000,0.000,0.333,0.000,0.143,0.000,0.000,0
0.063,0.000,0.000,0.000,0.333,0.000,0.143,0.000,0.000,0
0.343,0.000,0.000,0.000,0.286,0.000,0.125,0.000,0.000,0
0.586,0.000,0.000,0.000,0.074,0.000,0.034,0.000,0.000,0
0.043,0.000,0.000,0.000,0.000,0.000,0.286,0.000,0.000,0
0.000,0.000,0.000,0.000,0.000,0.000,1.000,0.000,0.000,0
0.000,0.000,0.000,0.000,0.000,0.000,1.000,0.000,0.000,0
0.000,0.000,0.000,0.000,0.222,0.000,0.091,0.000,0.000,0
0.000,0.000,0.750,0.000,1.000,0.120,0.846,0.727,0.696,0
0.000,0.000,0.750,0.000,0.909,0.102,0.857,0.632,0.741,0
0.000,1.000,0.800,0.632,0.323,0.059,0.371,0.344,0.500,0
0.000,1.000,0.000,0.250,0.333,0.163,0.632,0.286,0.696,0
0.000,1.000,0.000,0.000,0.000,0.000,0.143,0.154,0.000,0
0.074,1.000,0.000,0.000,0.000,0.059,0.143,0.154,0.125,0
0.000,0.000,0.857,0.462,0.462,0.080,0.765,0.524,0.649,0
0.581,1.000,1.000,1.000,0.909,0.818,0.929,0.894,0.800,1
0.037,0.000,0.571,0.154,0.323,0.065,0.371,0.466,0.302,0
0.095,0.000,0.000,0.000,0.333,0.229,0.632,0.174,0.625,0
0.105,0.000,0.000,0.000,0.000,0.000,0.143,0.091,0.000,0
0.150,0.000,0.000,0.000,0.000,0.000,0.143,0.091,0.222,0
0.200,0.000,0.667,0.286,0.462,0.070,0.706,0.588,0.533,0
0.211,0.000,0.571,0.154,0.375,0.074,0.417,0.564,0.421,0
0.089,0.000,0.000,0.000,0.286,0.186,0.571,0.143,0.500,0
0.049,0.000,0.000,0.000,0.000,0.000,0.125,0.074,0.000,0
0.093,0.000,0.000,0.000,0.000,0.000,0.125,0.074,0.154,0
0.061,0.000,0.667,0.286,0.429,0.064,0.722,0.643,0.706,0
0.029,1.000,0.000,0.154,0.074,0.026,0.190,0.074,0.302,0
0.000,1.000,0.000,0.000,0.000,0.000,0.034,0.038,0.000,0
0.000,1.000,0.000,0.000,0.074,0.029,0.034,0.038,0.043,0
0.000,0.000,0.667,0.556,0.471,0.284,0.538,0.732,0.657,0
0.385,1.000,0.000,0.000,0.000,0.000,0.286,0.667,0.000,0
0.148,1.000,0.000,0.000,0.000,0.000,0.286,0.667,0.222,0
0.182,0.000,0.000,0.286,0.222,0.048,0.444,0.125,0.467,0
0.120,1.000,0.000,0.000,0.000,0.000,1.000,1.000,0.000,0
0.200,0.000,0.000,0.000,0.000,0.000,0.091,0.065,0.000,0
0.143,0.000,0.000,0.000,0.222,0.058,0.091,0.065,0.087,0